COSMOS 2361             
1 25590U 98076A   25306.45072998  .00000068  00000+0  57208-4 0  9990
2 25590  82.9378  13.8798 0031816  20.3108 350.7218 13.73211239345582
COSMOS 2378             
1 26818U 01023A   25306.32800266  .00000059  00000+0  46470-4 0  9992
2 26818  82.9307  29.6819 0032008 321.4276 101.4605 13.74136535223685
COSMOS 2389             
1 27436U 02026A   25306.47157536  .00000079  00000+0  66280-4 0  9997
2 27436  82.9509 336.8002 0046648 170.6033 302.5038 13.75149548175952
COSMOS 2398             
1 27818U 03023A   25306.48341833  .00000083  00000+0  74737-4 0  9996
2 27818  82.9451 302.3744 0030351 222.7996 302.3006 13.72380716122646
COSMOS 2407             
1 28380U 04028A   25306.33091197  .00000064  00000+0  49130-4 0  9994
2 28380  82.9605 242.8082 0039447 164.8106 312.4688 13.76307022 68672
COSMOS 2414             
1 28521U 05002A   25306.44757948  .00000076  00000+0  50434-4 0  9991
2 28521  82.9521 215.1211 0038681 255.7862 103.9003 13.87895217 52364
COSMOS 2429             
1 32052U 07038A   25306.48380994  .00000074  00000+0  60258-4 0  9996
2 32052  82.9841  12.9801 0039244 146.9378 213.4243 13.75143473910497
COSMOS 2454             
1 35635U 09039A   25306.23116418  .00000077  00000+0  49987-4 0  9999
2 35635  82.9589 199.3461 0018880 184.3754 289.7982 13.89921211825877
COSMOS 2463             
1 36519U 10017A   25306.40283049  .00000046  00000+0  33423-4 0  9997
2 36519  82.9618  56.3455 0036957  41.1982  22.4713 13.71643650776840
